%YAML:1.0
---
ArmTipToMarkerTagTransform: !!opencv-matrix
   rows: 4
   cols: 4
   dt: d
   data: [ -3.4831524476891396e-01, 3.9508524328298283e-01,
       -8.5004949314825085e-01, -2.7843631358907833e-01,
       -7.3997119876270601e-01, 4.4079135958089211e-01,
       5.0808031089633121e-01, -4.3605534900924370e-01,
       5.7542950503363632e-01, 8.0598426030466319e-01,
       1.3881735078112334e-01, -3.2354681966995402e-01, 0., 0., 0., 1. ]
