%YAML:1.0
---
frameCount: 44
T1_0: !!opencv-matrix
   rows: 4
   cols: 4
   dt: d
   data: [ 9.8262502209006342e-02, 1.3075017132997652e-01,
       9.8653376696229034e-01, 4.7086715395391471e-01,
       -7.5698069868592932e-01, -6.3370060064534806e-01,
       1.5938560336080204e-01, -4.9894478970073777e-02,
       6.4600673562787791e-01, -7.6244864839470106e-01,
       3.6706349375908665e-02, 9.5060098695221429e-01, 0., 0., 0., 1. ]
T2_0: !!opencv-matrix
   rows: 4
   cols: 4
   dt: d
   data: [ 1.4687542280988264e-01, -9.8785277289672124e-01,
       -5.0739622137705109e-02, 1.0439402670445247e-01,
       -2.5246594646047560e-02, -5.5023039950118369e-02,
       9.9816585522318180e-01, -1.0919591923593206e+00,
       -9.8883275614898414e-01, -1.4532502934768865e-01,
       -3.3021450784256334e-02, 7.9339462631915714e-02, 0., 0., 0., 1. ]
T1_1: !!opencv-matrix
   rows: 4
   cols: 4
   dt: d
   data: [ 9.8276771004442098e-02, 1.3089750385752741e-01,
       9.8651280770439520e-01, 4.7115937302961641e-01,
       -7.5692887762519145e-01, -6.3373522433413720e-01,
       1.5949401134596947e-01, -3.0685656048669158e-03,
       6.4606528346445624e-01, -7.6239458872819199e-01,
       3.6798649159482832e-02, 9.5057519632387688e-01, 0., 0., 0., 1. ]
T2_1: !!opencv-matrix
   rows: 4
   cols: 4
   dt: d
   data: [ 1.4792710732702230e-01, -9.8718190164660025e-01,
       -5.9912135492416585e-02, 1.5016941902839309e-01,
       -3.0536583297628206e-02, -6.5108771898365170e-02,
       9.9741083055198154e-01, -1.0883448402713407e+00,
       -9.8852672599093983e-01, -1.4571458706419443e-01,
       -3.9776514658082629e-02, 8.6946024647746478e-02, 0., 0., 0., 1. ]
T1_2: !!opencv-matrix
   rows: 4
   cols: 4
   dt: d
   data: [ 9.7924329622970596e-02, 1.3120949238314361e-01,
       9.8650640888767138e-01, 4.7146203421651317e-01,
       -7.5676418119013900e-01, -6.3394628361616912e-01,
       1.5943676977681731e-01, 6.8721970695450968e-02,
       6.4631168930749672e-01, -7.6216545355834986e-01,
       3.7215879227616711e-02, 9.5059440848773691e-01, 0., 0., 0., 1. ]
T2_2: !!opencv-matrix
   rows: 4
   cols: 4
   dt: d
   data: [ 1.4778658641211262e-01, -9.8706882255544870e-01,
       -6.2082722360213838e-02, 2.2075540652558634e-01,
       -1.4763771589556052e-02, -6.4966771637289700e-02,
       9.9777820663285688e-01, -1.0854564630833892e+00,
       -9.8890907363877845e-01, -1.4654166002208552e-01,
       -2.4174076049870985e-02, 9.8903758362016481e-02, 0., 0., 0., 1. ]
T1_3: !!opencv-matrix
   rows: 4
   cols: 4
   dt: d
   data: [ 9.7525592230855329e-02, 1.3163259007347894e-01,
       9.8648954383235521e-01, 4.7156309153808490e-01,
       -7.5660816599165093e-01, -6.3413779080859700e-01,
       1.5941563732313802e-01, 1.2734941436406083e-01,
       6.4655459322068942e-01, -7.6193314896973696e-01,
       3.7749628955651149e-02, 9.5069041760200435e-01, 0., 0., 0., 1. ]
T2_3: !!opencv-matrix
   rows: 4
   cols: 4
   dt: d
   data: [ 1.4570824335816102e-01, -9.8471554235972847e-01,
       -9.5417023914316224e-02, 2.7862346152898310e-01,
       4.3435564744528921e-03, -9.5808670820678010e-02,
       9.9539029134944268e-01, -1.0845710502261103e+00,
       -9.8931806884066997e-01, -1.4545102004029153e-01,
       -9.6829455542504217e-03, 1.0842415987412618e-01, 0., 0., 0., 1. ]
T1_4: !!opencv-matrix
   rows: 4
   cols: 4
   dt: d
   data: [ 9.7269341644360741e-02, 1.3199083303328318e-01,
       9.8646697621930191e-01, 4.7191496620004586e-01,
       -7.5650231475751495e-01, -6.3425339799547387e-01,
       1.5945806626733150e-01, 2.0887388580466423e-01,
       6.4671703467791408e-01, -7.6177493206745450e-01,
       3.8157960257732992e-02, 9.5061347384701889e-01, 0., 0., 0., 1. ]
T2_4: !!opencv-matrix
   rows: 4
   cols: 4
   dt: d
   data: [ 1.5185730029150002e-01, -9.8519824574374271e-01,
       -7.9522178866206938e-02, 3.5809783341645979e-01,
       -3.6209340901574183e-02, -8.5946395793631725e-02,
       9.9564155230763540e-01, -1.0750885827130756e+00,
       -9.8773895538226630e-01, -1.4831599250767336e-01,
       -4.8724966770773648e-02, 1.2149546924890481e-01, 0., 0., 0., 1. ]
T1_5: !!opencv-matrix
   rows: 4
   cols: 4
   dt: d
   data: [ 6.5885008477793106e-02, 1.0605840188618681e-01,
       9.9217477343824334e-01, 4.7189151204834634e-01,
       -6.3120347675937505e-01, -7.6567951767441045e-01,
       1.2376205856707501e-01, 2.3055537320819425e-01,
       7.7281390812067996e-01, -6.3441823082508519e-01,
       1.6497630496852822e-02, 9.5068097295591247e-01, 0., 0., 0., 1. ]
T2_5: !!opencv-matrix
   rows: 4
   cols: 4
   dt: d
   data: [ 1.1239493866951378e-01, -9.8863728248557781e-01,
       9.9818342207274924e-02, 1.6055699947257002e-01,
       -2.6715014980672136e-02, 9.7412056568818461e-02,
       9.9488552065532465e-01, -1.1240857958804227e+00,
       -9.9330442752262971e-01, -1.1448674558465594e-01,
       -1.5462837688329678e-02, 8.7832994406595033e-02, 0., 0., 0., 1. ]
T1_6: !!opencv-matrix
   rows: 4
   cols: 4
   dt: d
   data: [ 6.5259155486435239e-02, 1.0653196025992395e-01,
       9.9216540156789135e-01, 4.7201373023764670e-01,
       -6.3111160133776545e-01, -7.6575992506502222e-01,
       1.2373311529777548e-01, 3.4541704836124881e-01,
       7.7294203487847546e-01, -6.3424181398547752e-01,
       1.7260710018192738e-02, 9.5068213091475051e-01, 0., 0., 0., 1. ]
T2_6: !!opencv-matrix
   rows: 4
   cols: 4
   dt: d
   data: [ 1.1174447808674726e-01, -9.8763220947540376e-01,
       1.0998086389846368e-01, 2.7405213999027783e-01,
       -9.7372834426398547e-03, 1.0958048620651684e-01,
       9.9393023012377535e-01, -1.1424811295341888e+00,
       -9.9368926578094730e-01, -1.1213712966486750e-01,
       2.6281594788966078e-03, 1.0169687466765037e-01, 0., 0., 0., 1. ]
T1_7: !!opencv-matrix
   rows: 4
   cols: 4
   dt: d
   data: [ 6.4545272910196516e-02, 1.0702803192042304e-01,
       9.9215871115874865e-01, 4.7199287027818981e-01,
       -6.3110712958915038e-01, -7.6577476957957735e-01,
       1.2366403380566465e-01, 4.4935404528690842e-01,
       7.7300562658152216e-01, -6.3414036510743133e-01,
       1.8119012520617317e-02, 9.5068114729011455e-01, 0., 0., 0., 1. ]
T2_7: !!opencv-matrix
   rows: 4
   cols: 4
   dt: d
   data: [ 1.1361711489201731e-01, -9.8771970571168000e-01,
       1.0724240836742738e-01, 3.7626549785668362e-01,
       -2.0768386661819960e-02, 1.0555663811222848e-01,
       9.9419639421288841e-01, -1.1528251232698286e+00,
       -9.9330751800189210e-01, -1.1518497775003445e-01,
       -8.5203040817067865e-03, 1.1503313517552693e-01, 0., 0., 0., 1. ]
T1_8: !!opencv-matrix
   rows: 4
   cols: 4
   dt: d
   data: [ 7.3797765216834454e-02, 1.1794559192770965e-01,
       9.9027406670770846e-01, 4.7171939234657562e-01,
       -5.1068150797540590e-01, -8.4844138932960167e-01,
       1.3911005098274162e-01, 4.0480212304670354e-01,
       8.5659692228081596e-01, -5.1598066457695646e-01,
       -2.3804457052962746e-03, 9.5068899154806563e-01, 0., 0., 0., 1. ]
T2_8: !!opencv-matrix
   rows: 4
   cols: 4
   dt: d
   data: [ 1.2835797843352292e-01, -9.6079721696526832e-01,
       2.4574974515603126e-01, 1.4461771833510972e-01,
       -1.7454417132144351e-02, 2.4557254272454987e-01,
       9.6922106331960012e-01, -1.1799835664796334e+00,
       -9.9157429005346653e-01, -1.2869667490496478e-01,
       1.4751039738587934e-02, 9.2534216232669664e-02, 0., 0., 0., 1. ]
T1_9: !!opencv-matrix
   rows: 4
   cols: 4
   dt: d
   data: [ 7.5752474166264738e-02, 1.1703430013695948e-01,
       9.9023458596897207e-01, 4.3607162172739866e-01,
       -6.9968776178325454e-01, -7.0130508095182997e-01,
       1.3641194757750197e-01, 1.2161900179362108e-01,
       7.1042142328932423e-01, -7.0318856363183235e-01,
       2.8761872487224949e-02, 9.5074175739032252e-01, 0., 0., 0., 1. ]
T2_9: !!opencv-matrix
   rows: 4
   cols: 4
   dt: d
   data: [ 1.2688262815464901e-01, -9.9179728280979562e-01,
       1.5457958586937215e-02, 1.7354542672664536e-01,
       -5.4039902564838371e-02, 8.6490125754656866e-03,
       9.9850131873335668e-01, -1.0995551381629984e+00,
       -9.9044459087995018e-01, -1.2752781811266051e-01,
       -5.2499219080595072e-02, 5.7938258401445279e-02, 0., 0., 0., 1. ]
T1_10: !!opencv-matrix
   rows: 4
   cols: 4
   dt: d
   data: [ 7.6751308390192063e-02, 1.1606996481675269e-01,
       9.9027117494544470e-01, 4.3496573217459539e-01,
       -7.0027342835641249e-01, -7.0072130295262092e-01,
       1.3640667551970459e-01, -1.0970697784599465e-01,
       7.0973682601253696e-01, -7.0392998150087305e-01,
       2.7499435372941750e-02, 9.5063635288150972e-01, 0., 0., 0., 1. ]
T2_10: !!opencv-matrix
   rows: 4
   cols: 4
   dt: d
   data: [ 1.2524713745730098e-01, -9.9147035239901049e-01,
       3.6051281149690084e-02, -5.4884638859648560e-02,
       8.9348508423782724e-03, 3.7463145374933560e-02,
       9.9925806535601258e-01, -1.1026146338324141e+00,
       -9.9208534058274278e-01, -1.2483209944721207e-01,
       1.3550791431682363e-02, 2.4986583292555126e-02, 0., 0., 0., 1. ]
T1_11: !!opencv-matrix
   rows: 4
   cols: 4
   dt: d
   data: [ -6.5398431284949821e-02, 5.4515057898769648e-03,
       9.9784433969937936e-01, 4.3459403224998389e-01,
       -7.9615852946884424e-01, -6.0311014650854378e-01,
       -4.8885039965718524e-02, -2.1325573187084873e-01,
       6.0154354883040251e-01, -7.9763928706092790e-01,
       4.3782720306754674e-02, 9.5063218046421283e-01, 0., 0., 0., 1. ]
T2_11: !!opencv-matrix
   rows: 4
   cols: 4
   dt: d
   data: [ -6.3312345901224365e-02, -9.9195365988745987e-01,
       -1.0963340500211394e-01, 1.7258895393933105e-02,
       -2.9770397372635093e-02, -1.0792771844347548e-01,
       9.9371290171349869e-01, -1.1069282097094806e+00,
       -9.9754963299916022e-01, 6.6178124992022191e-02,
       -2.2697697587666266e-02, 5.5937785127301021e-02, 0., 0., 0., 1. ]
T1_12: !!opencv-matrix
   rows: 4
   cols: 4
   dt: d
   data: [ -5.3214214818099848e-02, -1.0696316696008901e-02,
       9.9852583148881624e-01, 4.6823597107889076e-01,
       -7.9582664939362735e-01, -6.0354865098352373e-01,
       -4.8877090859433092e-02, -8.3204986678205306e-02,
       6.0318172341028842e-01, -7.9725442281940806e-01,
       2.3604953689573716e-02, 9.5067668634941660e-01, 0., 0., 0., 1. ]
T2_12: !!opencv-matrix
   rows: 4
   cols: 4
   dt: d
   data: [ -6.1669969003424807e-02, -9.9301657486450989e-01,
       -1.0057284408563716e-01, 1.4594942741502853e-01,
       -4.4192962765359500e-02, -9.7949140022728809e-02,
       9.9420971027788063e-01, -1.0869207113770252e+00,
       -9.9711774478500581e-01, 6.5757493969623715e-02,
       -3.7843824089258238e-02, 5.7589354265717811e-02, 0., 0., 0., 1. ]
T1_13: !!opencv-matrix
   rows: 4
   cols: 4
   dt: d
   data: [ -5.2985933475195202e-02, -1.1167991417907142e-02,
       9.9853280708319825e-01, 4.6801654398571957e-01,
       -7.9602323789356277e-01, -6.0328040362079705e-01,
       -4.8987338574135286e-02, -1.6176109822271093e-01,
       6.0294236506254117e-01, -7.9745095810013167e-01,
       2.3075394643890412e-02, 9.5056474608663266e-01, 0., 0., 0., 1. ]
T2_13: !!opencv-matrix
   rows: 4
   cols: 4
   dt: d
   data: [ -6.3097081322730286e-02, -9.9338559459672249e-01,
       -9.5936535148343216e-02, 6.8401636686147960e-02,
       -2.5806011745087121e-02, -9.4471959625625823e-02,
       9.9519299565577068e-01, -1.0990240689920410e+00,
       -9.9767369820315777e-01, 6.5269512731524704e-02,
       -1.9674415402347822e-02, 6.0997547244850681e-02, 0., 0., 0., 1. ]
T1_14: !!opencv-matrix
   rows: 4
   cols: 4
   dt: d
   data: [ -5.2682043998556916e-02, -1.1085611675071050e-02,
       9.9854980419302275e-01, 3.1270642906336654e-01,
       -7.9679645538004673e-01, -6.0228013749967957e-01,
       -4.8724169230071446e-02, -1.6150809858748028e-01,
       6.0194685058892672e-01, -7.9820783332861178e-01,
       2.2896372614798488e-02, 9.5083328278165746e-01, 0., 0., 0., 1. ]
T2_14: !!opencv-matrix
   rows: 4
   cols: 4
   dt: d
   data: [ -6.4199228573776024e-02, -9.9241960745698088e-01,
       -1.0479399689612090e-01, 6.1642503773650548e-02,
       -3.3562441098322182e-02, -1.0280401834555408e-01,
       9.9413525053663032e-01, -1.1021108766964383e+00,
       -9.9737255907612266e-01, 6.7339858530732932e-02,
       -2.6708085948026206e-02, -9.3309685230274164e-02, 0., 0., 0., 1. ]
T1_15: !!opencv-matrix
   rows: 4
   cols: 4
   dt: d
   data: [ -5.3023964215350050e-02, -1.0708610001722685e-02,
       9.9853582053460654e-01, 3.1351049168921774e-01,
       -7.9640193949290361e-01, -6.0279922774042793e-01,
       -4.8754915726362535e-02, -5.4882085724637653e-03,
       6.0243871886759626e-01, -7.9782104303369561e-01,
       2.3434446906104300e-02, 9.5100773350628065e-01, 0., 0., 0., 1. ]
T2_15: !!opencv-matrix
   rows: 4
   cols: 4
   dt: d
   data: [ -5.8429253634208145e-02, -9.9138397832674086e-01,
       -1.1723408137906610e-01, 2.1507055937944047e-01,
       -4.1289482762309593e-02, -1.1493430332301457e-01,
       9.9251462686092140e-01, -1.0834108111703888e+00,
       -9.9743731679387759e-01, 6.2832423450774555e-02,
       -3.4218206123820316e-02, -9.9174021545238744e-02, 0., 0., 0., 1. ]
T1_16: !!opencv-matrix
   rows: 4
   cols: 4
   dt: d
   data: [ -1.2297917423180849e-01, 8.3892028693074494e-02,
       9.8885704236103977e-01, 2.9462480188563506e-01,
       -7.9675100673971633e-01, -6.0239984304165217e-01,
       -4.7981896196816531e-02, -5.2893834856921479e-03,
       5.9166202849643101e-01, -7.9377361799517732e-01,
       1.4092369357327739e-01, 8.0648495536159970e-01, 0., 0., 0., 1. ]
T2_16: !!opencv-matrix
   rows: 4
   cols: 4
   dt: d
   data: [ -4.7433880099267522e-02, -9.9264072261795167e-01,
       -1.1142002880649021e-01, 2.0399151488645845e-01,
       -1.4789803820726433e-01, -1.0333664187968084e-01,
       9.8358919714455650e-01, -9.4946200760864630e-01,
       -9.8786446302778352e-01, 6.3134255721766397e-02,
       -1.4190795763905473e-01, 5.6822839240631140e-03, 0., 0., 0., 1. ]
T1_17: !!opencv-matrix
   rows: 4
   cols: 4
   dt: d
   data: [ -1.2280879708022097e-01, 8.3364034745096793e-02,
       9.8892286709870714e-01, 2.9383391795067343e-01,
       -7.9693363581517873e-01, -6.0214018692368909e-01,
       -4.8207628005375258e-02, -1.8563860316330705e-01,
       5.9145141767190745e-01, -7.9402621682317442e-01,
       1.4038371533539074e-01, 8.0616100645271482e-01, 0., 0., 0., 1. ]
T2_17: !!opencv-matrix
   rows: 4
   cols: 4
   dt: d
   data: [ -5.0056311360707983e-02, -9.9155571306811718e-01,
       -1.1963123996238445e-01, 2.6006892477858923e-02,
       -1.3123039000819592e-01, -1.1221310222645853e-01,
       9.8498061119344449e-01, -9.7107785738910823e-01,
       -9.9008734484956262e-01, 6.5003750435587204e-02,
       -1.2450526895698522e-01, 1.2464441787938096e-02, 0., 0., 0., 1. ]
T1_18: !!opencv-matrix
   rows: 4
   cols: 4
   dt: d
   data: [ -1.2254042846916002e-01, 8.2768628269965561e-02,
       9.8900616659599394e-01, 2.9367375385565964e-01,
       -7.9699056638469268e-01, -6.0205227185697252e-01,
       -4.8364233123917577e-02, -3.3839922809065381e-01,
       5.9143036824667838e-01, -7.9415515872288212e-01,
       1.3974155927794862e-01, 8.0579032419508434e-01, 0., 0., 0., 1. ]
T2_18: !!opencv-matrix
   rows: 4
   cols: 4
   dt: d
   data: [ -5.2367600982853979e-02, -9.9070409710488527e-01,
       -1.2555089146196702e-01, -1.2413363449447840e-01,
       -1.3086572171726063e-01, -1.1783111686221792e-01,
       9.8437289213916424e-01, -9.8732896359215638e-01,
       -9.9001605908526602e-01, 6.7979554857297564e-02,
       -1.2347867376467292e-01, 1.9304377387148297e-02, 0., 0., 0., 1. ]
T1_19: !!opencv-matrix
   rows: 4
   cols: 4
   dt: d
   data: [ -1.2262158698801295e-01, 8.2773058159827939e-02,
       9.8899573671852137e-01, 2.9365503445882496e-01,
       -8.7003043055321194e-01, -4.8842496683641157e-01,
       -6.6993295800721664e-02, -3.3843612922400323e-01,
       4.7750496993846453e-01, -8.6867121088114818e-01,
       1.3190652398704938e-01, 8.0581093733608267e-01, 0., 0., 0., 1. ]
T2_19: !!opencv-matrix
   rows: 4
   cols: 4
   dt: d
   data: [ -5.3437634258970634e-02, -9.6493327088008551e-01,
       -2.5699844745341177e-01, 2.7148009792604955e-02,
       -1.3430625666751200e-01, -2.4808252942157338e-01,
       9.5938359795013928e-01, -9.9512187331586466e-01,
       -9.8949797810039253e-01, 8.5783689268144947e-02,
       -1.1633963207257203e-01, 1.5828398113481856e-02, 0., 0., 0., 1. ]
T1_20: !!opencv-matrix
   rows: 4
   cols: 4
   dt: d
   data: [ -1.2275452285192268e-01, 8.3449640190298435e-02,
       9.8892238556496759e-01, 2.9387298265737749e-01,
       -7.7358171645848306e-01, -6.3225822230989048e-01,
       -4.2671633231971373e-02, -1.7280102167374359e-01,
       6.2169337706022221e-01, -7.7025041244626835e-01,
       1.4216767229510952e-01, 8.0618447021951600e-01, 0., 0., 0., 1. ]
T2_20: !!opencv-matrix
   rows: 4
   cols: 4
   dt: d
   data: [ -5.0768410844179268e-02, -9.9576730713457851e-01,
       -7.6616176505401812e-02, -2.8078057351170194e-03,
       -1.3512882082489192e-01, -6.9160758992711902e-02,
       9.8841134716171020e-01, -9.6798275318101568e-01,
       -9.8952653842271010e-01, 6.0533126943040916e-02,
       -1.3104568020223661e-01, 1.3174676590428175e-02, 0., 0., 0., 1. ]
T1_21: !!opencv-matrix
   rows: 4
   cols: 4
   dt: d
   data: [ -1.2288746218365532e-01, 8.3917747586729652e-02,
       9.8886626157333868e-01, 2.9450918739647025e-01,
       -7.7336701738200098e-01, -6.3253718246181534e-01,
       -4.2428401206459354e-02, -2.0054715129001463e-02,
       6.2193418306419590e-01, -7.6997046985143425e-01,
       1.4263010724609682e-01, 8.0648088832302800e-01, 0., 0., 0., 1. ]
T2_21: !!opencv-matrix
   rows: 4
   cols: 4
   dt: d
   data: [ -4.8013789127199002e-02, -9.9628751878681276e-01,
       -7.1455272466520059e-02, 1.4826103040266753e-01,
       -1.4269354309550891e-01, -6.3962432097805166e-02,
       9.8769801054724393e-01, -9.5876728313746340e-01,
       -9.8860165325195504e-01, 5.7619330000872104e-02,
       -1.3909271727071681e-01, 8.0900411709992071e-03, 0., 0., 0., 1. ]
T1_22: !!opencv-matrix
   rows: 4
   cols: 4
   dt: d
   data: [ -1.2417810802188045e-01, 8.4340597360907599e-02,
       9.8866903518058646e-01, 2.9604206920942366e-01,
       -6.5327770092535087e-01, -7.5691652256869890e-01,
       -1.7482086151157650e-02, 1.7674739101041909e-01,
       7.4686547849113638e-01, -6.4804632666138462e-01,
       1.4909029324168621e-01, 8.0633256218752913e-01, 0., 0., 0., 1. ]
T2_22: !!opencv-matrix
   rows: 4
   cols: 4
   dt: d
   data: [ -4.4938955725497332e-02, -9.9477007341582446e-01,
       9.1722359839774836e-02, 1.5544567375994506e-01,
       -1.5825095959587504e-01, 9.7744547272492155e-02,
       9.8254905081908261e-01, -9.8464082584458523e-01,
       -9.8637575195525085e-01, 2.9639576831845760e-02,
       -1.6181585657760067e-01, 1.4650382605584711e-02, 0., 0., 0., 1. ]
T1_23: !!opencv-matrix
   rows: 4
   cols: 4
   dt: d
   data: [ -1.1385236485824590e-01, 9.8424746736987145e-02,
       9.8861024081583571e-01, 2.9591531905627166e-01,
       -6.5402114790377586e-01, -7.5647626404228707e-01,
       -5.9372794279921592e-06, 2.4116753713311834e-01,
       7.4785959719108530e-01, -6.4657268050110472e-01,
       1.5049847746340805e-01, 7.0770365056881313e-01, 0., 0., 0., 1. ]
T2_23: !!opencv-matrix
   rows: 4
   cols: 4
   dt: d
   data: [ -2.5703707810999399e-02, -9.9609072023317746e-01,
       8.4513883298050096e-02, 2.2967502720833022e-01,
       -1.5644970908706624e-01, 8.7508334020029777e-02,
       9.8380169749986268e-01, -8.9399008650112732e-01,
       -9.8735141055823639e-01, 1.2065178920703634e-02,
       -1.5808739205348488e-01, 5.3867286197297193e-03, 0., 0., 0., 1. ]
T1_24: !!opencv-matrix
   rows: 4
   cols: 4
   dt: d
   data: [ -1.1399162111919137e-01, 9.8272783583382095e-02,
       9.8860931126577645e-01, 4.4615273649523246e-01,
       -6.5363115242416192e-01, -7.5681325181180936e-01,
       -1.3587750890770023e-04, 2.2442043688151103e-01,
       7.4817927456945854e-01, -6.4620133231742027e-01,
       1.5050452224405098e-01, 7.0757113152925066e-01, 0., 0., 0., 1. ]
T2_24: !!opencv-matrix
   rows: 4
   cols: 4
   dt: d
   data: [ -2.6526162541677056e-02, -9.9664648785435461e-01,
       7.7408920341214105e-02, 2.1551588049543841e-01,
       -1.3724683496110912e-01, 8.0333840091988407e-02,
       9.8727391357679106e-01, -8.6911225809754267e-01,
       -9.9018163434491702e-01, 1.5564458990107277e-02,
       -1.3891752453299278e-01, 1.5191649358338793e-01, 0., 0., 0., 1. ]
T1_25: !!opencv-matrix
   rows: 4
   cols: 4
   dt: d
   data: [ -5.2791345426326242e-03, 4.2951040000557272e-03,
       9.9997684114188845e-01, 5.3305996890350427e-01,
       -6.5328637844641979e-01, -7.5711086966068186e-01,
       -1.9692132239551574e-04, 2.2431715953874196e-01,
       7.5709249003991708e-01, -6.5327228865403031e-01,
       6.8028230818754087e-03, 7.0743438756770249e-01, 0., 0., 0., 1. ]
T2_25: !!opencv-matrix
   rows: 4
   cols: 4
   dt: d
   data: [ -1.3116004375790302e-02, -9.9772863310854198e-01,
       6.6072271828461204e-02, 2.1479916773212104e-01,
       8.7615361122037050e-03, 6.5960743991616666e-02,
       9.9778375199089431e-01, -8.7944535422546588e-01,
       -9.9987559521880942e-01, 1.3665830652845601e-02,
       7.8764940423359242e-03, 9.7247445062678003e-02, 0., 0., 0., 1. ]
T1_26: !!opencv-matrix
   rows: 4
   cols: 4
   dt: d
   data: [ 7.1353854765663915e-02, -6.1882866774040257e-02,
       9.9552957676299469e-01, 5.8666546274739273e-01,
       -6.5312117178972873e-01, -7.5725337083603828e-01,
       -2.5945610397093422e-04, 2.2425123201839328e-01,
       7.5388418365826759e-01, -6.5018293053361886e-01,
       -9.4449957504613380e-02, 7.0739861781193514e-01, 0., 0., 0., 1. ]
T2_26: !!opencv-matrix
   rows: 4
   cols: 4
   dt: d
   data: [ -3.3507680717452804e-03, -9.9742629776804537e-01,
       7.1620896909071641e-02, 2.1381256237350943e-01,
       1.1573086796798282e-01, 7.0753248382352751e-02,
       9.9075745974618945e-01, -8.8785696132463765e-01,
       -9.9327495616908945e-01, 1.1608547026893123e-02,
       1.1519593344913570e-01, 5.0459330014731907e-02, 0., 0., 0., 1. ]
T1_27: !!opencv-matrix
   rows: 4
   cols: 4
   dt: d
   data: [ 7.1966974145051821e-02, -6.2450879838776785e-02,
       9.9544996973216493e-01, 5.3763206998046920e-01,
       -6.5371012083531310e-01, -7.5674502427518497e-01,
       -2.1483070128130999e-04, -4.7028577239420638e-03,
       7.5331522787601057e-01, -6.5072025928359767e-01,
       -9.5285421802087322e-02, 7.0753105502290259e-01, 0., 0., 0., 1. ]
T2_27: !!opencv-matrix
   rows: 4
   cols: 4
   dt: d
   data: [ -4.3303420405174098e-03, -9.9362074034803427e-01,
       1.1269016145181626e-01, -1.3175629236483799e-02,
       1.1974978237229250e-01, 1.1136502936907444e-01,
       9.8653830126124031e-01, -8.6493908509459438e-01,
       -9.9279466042057285e-01, 1.7766670589885736e-02,
       1.1850361874875293e-01, 1.5869251858818545e-03, 0., 0., 0., 1. ]
T1_28: !!opencv-matrix
   rows: 4
   cols: 4
   dt: d
   data: [ 7.2276275440208870e-02, -6.2610125972983210e-02,
       9.9541755667364973e-01, 5.3717472106099373e-01,
       -7.9329699687203969e-01, -6.0852807304709300e-01,
       1.9325089065658996e-02, -1.4609899682170421e-01,
       6.0452958137902113e-01, -7.9105850380312570e-01,
       -9.3650567528799300e-02, 7.0751217283619861e-01, 0., 0., 0., 1. ]
T2_28: !!opencv-matrix
   rows: 4
   cols: 4
   dt: d
   data: [ -9.3601090705546230e-03, -9.9449248871655904e-01,
       -1.0438907148036192e-01, 4.7770943400306465e-02,
       1.1962814918225828e-01, -1.0475756687049831e-01,
       9.8727653578245267e-01, -8.6313516703385074e-01,
       -9.9277464425790751e-01, -3.2468553583273052e-03,
       1.1994983805269355e-01, 1.9950572428301117e-03, 0., 0., 0., 1. ]
T1_29: !!opencv-matrix
   rows: 4
   cols: 4
   dt: d
   data: [ -1.0524534432482913e-02, 4.5641457745782432e-02,
       9.9890244343970802e-01, 5.3718897801639909e-01,
       -7.9335928211938611e-01, -6.0844314818937950e-01,
       1.9441833668888298e-02, -1.4615685729054095e-01,
       6.0866270105041886e-01, -7.9228390918674874e-01,
       4.2613655015403706e-02, 7.0730777546208545e-01, 0., 0., 0., 1. ]
T2_29: !!opencv-matrix
   rows: 4
   cols: 4
   dt: d
   data: [ 5.6297187105716073e-03, -9.9509160766851856e-01,
       -9.8797766244603402e-02, 4.4455567991688538e-02,
       -1.4312275666351459e-02, -9.8869393127362759e-02,
       9.9499748837264779e-01, -8.5407138485785461e-01,
       -9.9988172552181909e-01, -4.1875351115508441e-03,
       -1.4798632274616752e-02, 1.3625535107067283e-01, 0., 0., 0., 1. ]
T1_30: !!opencv-matrix
   rows: 4
   cols: 4
   dt: d
   data: [ -1.0505389063038661e-02, 4.5939960492259735e-02,
       9.9888896121170734e-01, 4.4213743793973470e-01,
       -7.9359318727210026e-01, -6.0813223548241035e-01,
       1.9622366892797172e-02, -1.4608529417878316e-01,
       6.0835802774019809e-01, -7.9250533386036959e-01,
       4.2846305405724983e-02, 7.0754545195570240e-01, 0., 0., 0., 1. ]
T2_30: !!opencv-matrix
   rows: 4
   cols: 4
   dt: d
   data: [ 7.1294578175340462e-03, -9.9496506907554205e-01,
       -9.9968405762669965e-02, 4.5970554345420023e-02,
       -2.3925798484712046e-02, -1.0011205483792529e-01,
       9.9468846009340894e-01, -8.5911507425638678e-01,
       -9.9968831492525556e-01, -4.6997654867081962e-03,
       -2.4519078414022566e-02, 4.1869128634606234e-02, 0., 0., 0., 1. ]
T1_31: !!opencv-matrix
   rows: 4
   cols: 4
   dt: d
   data: [ -1.0659615764425201e-02, 4.6353336615846397e-02,
       9.9886822993642821e-01, 4.4219172820127500e-01,
       -7.9392432269591340e-01, -6.0769644530585931e-01,
       1.9728157401502355e-02, -1.4585032226039171e-01,
       6.0792313858216507e-01, -7.9281548833710436e-01,
       4.3278851985798839e-02, 5.7692253851322850e-01, 0., 0., 0., 1. ]
T2_31: !!opencv-matrix
   rows: 4
   cols: 4
   dt: d
   data: [ 4.1149100675406114e-03, -9.9462058211362980e-01,
       -1.0350345477847606e-01, 3.2093237167456934e-02,
       -3.4356325490445927e-02, -1.0358384103254470e-01,
       9.9402717808706775e-01, -7.2701499518900237e-01,
       -9.9940117591182087e-01, -5.3433406076436318e-04,
       -3.4597746648892036e-02, 3.5198685586942724e-02, 0., 0., 0., 1. ]
T1_32: !!opencv-matrix
   rows: 4
   cols: 4
   dt: d
   data: [ -1.1336680899700857e-02, 4.6397080334740826e-02,
       9.9885874406874464e-01, 4.4203447396132395e-01,
       -7.9420933806960625e-01, -6.0734092595417688e-01,
       1.9197056653582623e-02, -1.4539566729278788e-01,
       6.0753848189988435e-01, -7.9308531104638091e-01,
       4.3734224735888061e-02, 3.9450678218264745e-01, 0., 0., 0., 1. ]
T2_32: !!opencv-matrix
   rows: 4
   cols: 4
   dt: d
   data: [ 3.2578930234193892e-03, -9.9417250079594111e-01,
       -1.0775168116643313e-01, 1.2263828096227725e-02,
       -2.0727838018969158e-02, -1.0779623902010815e-01,
       9.9395690428920469e-01, -5.4632781893773286e-01,
       -9.9977984719842561e-01, -1.0047458705739754e-03,
       -2.0958235174466378e-02, 2.6052504855358816e-02, 0., 0., 0., 1. ]
T1_33: !!opencv-matrix
   rows: 4
   cols: 4
   dt: d
   data: [ -4.4864143428472891e-02, 9.0023271143456596e-02,
       9.9492865034989353e-01, 4.4234569664330858e-01,
       -7.9421866934268337e-01, -6.0733055563668614e-01,
       1.9139003567873680e-02, -1.9733830365001745e-02,
       6.0597352574346552e-01, -7.8933225377065741e-01,
       9.8745527774010355e-02, 3.9451649956716850e-01, 0., 0., 0., 1. ]
T2_33: !!opencv-matrix
   rows: 4
   cols: 4
   dt: d
   data: [ 1.2490065561424291e-02, -9.9461332664668922e-01,
       -1.0289960504821211e-01, 1.3543862540297513e-01,
       -8.9831857222767930e-02, -1.0360764206605211e-01,
       9.9055322619908792e-01, -5.2747118684748107e-01,
       -9.9587862497905832e-01, -3.1284121083368643e-03,
       -9.0642028593257429e-02, 6.5704184422270551e-02, 0., 0., 0., 1. ]
T1_34: !!opencv-matrix
   rows: 4
   cols: 4
   dt: d
   data: [ -4.5085427993367233e-02, 8.9776992251851095e-02,
       9.9494090067946561e-01, 4.4252975441833325e-01,
       -6.4516069950781640e-01, -7.6301923442700659e-01,
       3.9614640033835080e-02, 8.2444668002832858e-02,
       7.6271552756793937e-01, -6.4011072445057227e-01,
       9.2321635872224750e-02, 3.9454968473338747e-01, 0., 0., 0., 1. ]
T2_34: !!opencv-matrix
   rows: 4
   cols: 4
   dt: d
   data: [ 1.7453434704131188e-02, -9.9517831169116167e-01,
       9.6516866694674575e-02, 9.1670798942050102e-02,
       -8.4321589527238394e-02, 9.4722625933764903e-02,
       9.9192615333794487e-01, -5.5033075706250278e-01,
       -9.9628572566138307e-01, -2.5450973964487311e-02,
       -8.2261781938093304e-02, 6.6898627730494514e-02, 0., 0., 0., 1. ]
T1_35: !!opencv-matrix
   rows: 4
   cols: 4
   dt: d
   data: [ -4.5361483275747183e-02, 8.9425026312546868e-02,
       9.9496004970251184e-01, 4.4278748209170099e-01,
       -5.4570963569113551e-01, -8.3646332665714418e-01,
       5.0300066317177011e-02, 2.2016185203931757e-01,
       8.3674567781905662e-01, -5.4067760063337611e-01,
       8.6743315733623927e-02, 3.9447623227943562e-01, 0., 0., 0., 1. ]
T2_35: !!opencv-matrix
   rows: 4
   cols: 4
   dt: d
   data: [ 2.2137993406371237e-02, -9.7474795462525599e-01,
       2.2220786260125791e-01, 1.4007826316518768e-01,
       -8.5447640703671890e-02, 2.1960427024999452e-01,
       9.7183983515090788e-01, -5.8731599486726471e-01,
       -9.9609668704705367e-01, -4.0501721467703033e-02,
       -7.8428315116652714e-02, 7.2464392942174771e-02, 0., 0., 0., 1. ]
T1_36: !!opencv-matrix
   rows: 4
   cols: 4
   dt: d
   data: [ 4.5548669752893733e-02, 3.0708901928573951e-02,
       9.9849000096449814e-01, 5.6164095791922630e-01,
       -5.4524485923343513e-01, -8.3674784406722758e-01,
       5.0607202336811014e-02, 2.1997783604446486e-01,
       8.3703844724316800e-01, -5.4672663076823746e-01,
       -2.1368880306605664e-02, 3.9446820965418028e-01, 0., 0., 0., 1. ]
T2_36: !!opencv-matrix
   rows: 4
   cols: 4
   dt: d
   data: [ 4.5841018493296914e-02, -9.7667860411180474e-01,
       2.0975582302695206e-01, 1.3744300168568627e-01,
       3.7089093341541590e-02, 2.1149583287489149e-01,
       9.7667492638628672e-01, -5.9017133333485494e-01,
       -9.9825998626540158e-01, -3.6992120063234712e-02,
       4.5919308298662420e-02, 1.1785854353695624e-01, 0., 0., 0., 1. ]
T1_37: !!opencv-matrix
   rows: 4
   cols: 4
   dt: d
   data: [ 4.6024775253041494e-02, 3.0730467109383930e-02,
       9.9846750495654391e-01, 5.6124501678767080e-01,
       -7.0873725617535754e-01, -7.0337832769096820e-01,
       5.4317859343704256e-02, 1.2552773525607505e-02,
       7.0396961708012129e-01, -7.1015108711167640e-01,
       -1.0593002509744931e-02, 3.9444094758260062e-01, 0., 0., 0., 1. ]
T2_37: !!opencv-matrix
   rows: 4
   cols: 4
   dt: d
   data: [ 4.0621277035061576e-02, -9.9907757614800574e-01,
       1.3925110062993240e-02, 7.7945803962884447e-02,
       4.2465136832646966e-02, 1.5650266184346062e-02,
       9.9897536572337153e-01, -5.4308547665119478e-01,
       -9.9827181869760573e-01, -3.9988323378016333e-02,
       4.3061699775901130e-02, 1.1460740951962949e-01, 0., 0., 0., 1. ]
T1_38: !!opencv-matrix
   rows: 4
   cols: 4
   dt: d
   data: [ 4.6165790767392467e-02, 3.0804158644176571e-02,
       9.9845872402070046e-01, 5.6145098656166414e-01,
       -7.0852806294770665e-01, -7.0357753620522789e-01,
       5.4466820753109879e-02, 1.2389264054967000e-02,
       7.0417093363642291e-01, -7.0995052951427917e-01,
       -1.0655602470195591e-02, 4.8983438978490823e-01, 0., 0., 0., 1. ]
T2_38: !!opencv-matrix
   rows: 4
   cols: 4
   dt: d
   data: [ 3.9983760727566819e-02, -9.9901086698387809e-01,
       1.9457300074798956e-02, 7.6359788597863687e-02,
       3.5648707372118671e-02, 2.0886714471489487e-02,
       9.9914609283191580e-01, -6.3910823733354261e-01,
       -9.9856420351461506e-01, -3.9255990711056399e-02,
       3.6448575452488030e-02, 1.1420843659830085e-01, 0., 0., 0., 1. ]
T1_39: !!opencv-matrix
   rows: 4
   cols: 4
   dt: d
   data: [ 4.6332581470978074e-02, 3.0720198067020699e-02,
       9.9845358496274528e-01, 5.6163601557914544e-01,
       -7.0808736184254495e-01, -7.0401699317828159e-01,
       5.4519366422181637e-02, 1.2190113943917655e-02,
       7.0460313644852579e-01, -7.0951838788500354e-01,
       -1.0866340688828524e-02, 6.3975830560667402e-01, 0., 0., 0., 1. ]
T2_39: !!opencv-matrix
   rows: 4
   cols: 4
   dt: d
   data: [ 4.0984439273986428e-02, -9.9912009399999535e-01,
       8.9058128678601856e-03, 7.3784173396458652e-02,
       7.3685077536569166e-02, 1.1911391909592783e-02,
       9.9721042317617492e-01, -7.9190361069437176e-01,
       -9.9643905236889763e-01, -4.0213884520355736e-02,
       7.4108423313121286e-02, 1.1383802751590855e-01, 0., 0., 0., 1. ]
T1_40: !!opencv-matrix
   rows: 4
   cols: 4
   dt: d
   data: [ 4.6423748706170387e-02, 3.0337941455172546e-02,
       9.9846103823050036e-01, 5.6180277969017467e-01,
       -7.0748776696234472e-01, -7.0463609389008175e-01,
       5.4305016213633150e-02, 1.2003054243760650e-02,
       7.0519918828278683e-01, -7.0892001276278727e-01,
       -1.1248126497696243e-02, 8.2325890603799146e-01, 0., 0., 0., 1. ]
T2_40: !!opencv-matrix
   rows: 4
   cols: 4
   dt: d
   data: [ 4.0691171367827628e-02, -9.9893810103845282e-01,
       2.1607842705921254e-02, 7.0810178894189779e-02,
       2.1430640257120215e-02, 2.2493335505360368e-02,
       9.9951727224496389e-01, -9.7306114712382508e-01,
       -9.9894191834704982e-01, -4.0208458706260386e-02,
       2.2323163252168543e-02, 1.1291096337825834e-01, 0., 0., 0., 1. ]
T1_41: !!opencv-matrix
   rows: 4
   cols: 4
   dt: d
   data: [ 4.6128490371550757e-02, 2.9742943398926303e-02,
       9.9849262375543368e-01, 5.6179970440656801e-01,
       -7.0707323845467163e-01, -7.0510076262489529e-01,
       5.3668892358743392e-02, 1.1945475835562686e-02,
       7.0563418131299804e-01, -7.0848307803627852e-01,
       -1.1494794429462774e-02, 9.5749187544347925e-01, 0., 0., 0., 1. ]
T2_41: !!opencv-matrix
   rows: 4
   cols: 4
   dt: d
   data: [ 4.1438151270986046e-02, -9.9901154066547693e-01,
       1.6087922066978011e-02, 6.8744549082174977e-02,
       5.8923491869794564e-02, 1.8517190184516030e-02,
       9.9809074525993924e-01, -1.1085938978248882e+00,
       -9.9740207625867372e-01, -4.0411078739137241e-02,
       5.9632566522212715e-02, 1.1201075144137801e-01, 0., 0., 0., 1. ]
T1_42: !!opencv-matrix
   rows: 4
   cols: 4
   dt: d
   data: [ 4.5882608968132566e-02, 2.8995220319200932e-02,
       9.9852594527779726e-01, 5.6196322506004648e-01,
       -7.0646823164843497e-01, -7.0576076833443802e-01,
       5.2956355157028789e-02, 1.2063833751470701e-02,
       7.0625591952620881e-01, -7.0785663455153480e-01,
       -1.1897943333375238e-02, 1.1092558120925584e+00, 0., 0., 0., 1. ]
T2_42: !!opencv-matrix
   rows: 4
   cols: 4
   dt: d
   data: [ 4.1710428743210182e-02, -9.9908037333559241e-01,
       9.9321573523021289e-03, 6.6218854386708048e-02,
       6.1408527638406041e-02, 1.2485494911310235e-02,
       9.9803462121817332e-01, -1.2603698810500230e+00,
       -9.9724080986857966e-01, -4.1018532792299500e-02,
       6.1872830064789719e-02, 1.1095231090916524e-01, 0., 0., 0., 1. ]
T1_43: !!opencv-matrix
   rows: 4
   cols: 4
   dt: d
   data: [ 4.6023133101785518e-02, 2.8692997486183980e-02,
       9.9852820847222612e-01, 3.8375934635691222e-01,
       -7.0717591080277731e-01, -7.0505931117719722e-01,
       5.2854506927971889e-02, 1.1742181233937679e-02,
       7.0553816509084621e-01, -7.0856762529598716e-01,
       -1.2158041892007754e-02, 1.1251385391359432e+00, 0., 0., 0., 1. ]
T2_43: !!opencv-matrix
   rows: 4
   cols: 4
   dt: d
   data: [ 4.0879184600395968e-02, -9.9874591843470584e-01,
       2.8904717200181229e-02, 7.5471053961783108e-02,
       2.4126394346845548e-02, 2.9907143444487638e-02,
       9.9926146721807052e-01, -1.2792102382573571e+00,
       -9.9887276935665170e-01, -4.0151627376814214e-02,
       2.5318717518195921e-02, -6.6370355046859286e-02, 0., 0., 0., 1. ]
