%YAML:1.0
---
frameCount: 44
T1_0: !!opencv-matrix
   rows: 4
   cols: 4
   dt: d
   data: [ 9.8262502209006342e-02, 1.3075017132997652e-01,
       9.8653376696229034e-01, 4.7086715395391471e-01,
       -7.5698069868592932e-01, -6.3370060064534806e-01,
       1.5938560336080204e-01, -4.9894478970073777e-02,
       6.4600673562787791e-01, -7.6244864839470106e-01,
       3.6706349375908665e-02, 9.5060098695221429e-01, 0., 0., 0., 1. ]
T2_0: !!opencv-matrix
   rows: 4
   cols: 4
   dt: d
   data: [ 1.4687542280988264e-01, -9.8785277289672124e-01,
       -5.0739622137705109e-02, 1.0439402670445247e-01,
       -2.5246594646047560e-02, -5.5023039950118369e-02,
       9.9816585522318180e-01, -1.0919591923593206e+00,
       -9.8883275614898414e-01, -1.4532502934768865e-01,
       -3.3021450784256334e-02, 7.9339462631915714e-02, 0., 0., 0., 1. ]
T1_1: !!opencv-matrix
   rows: 4
   cols: 4
   dt: d
   data: [ 9.8276771004442098e-02, 1.3089750385752741e-01,
       9.8651280770439520e-01, 4.7115937302961641e-01,
       -7.5692887762519145e-01, -6.3373522433413720e-01,
       1.5949401134596947e-01, -3.0685656048669158e-03,
       6.4606528346445624e-01, -7.6239458872819199e-01,
       3.6798649159482832e-02, 9.5057519632387688e-01, 0., 0., 0., 1. ]
T2_1: !!opencv-matrix
   rows: 4
   cols: 4
   dt: d
   data: [ 1.4792710732702230e-01, -9.8718190164660025e-01,
       -5.9912135492416585e-02, 1.5016941902839309e-01,
       -3.0536583297628206e-02, -6.5108771898365170e-02,
       9.9741083055198154e-01, -1.0883448402713407e+00,
       -9.8852672599093983e-01, -1.4571458706419443e-01,
       -3.9776514658082629e-02, 8.6946024647746478e-02, 0., 0., 0., 1. ]
T1_2: !!opencv-matrix
   rows: 4
   cols: 4
   dt: d
   data: [ 9.7924329622970596e-02, 1.3120949238314361e-01,
       9.8650640888767138e-01, 4.7146203421651317e-01,
       -7.5676418119013900e-01, -6.3394628361616912e-01,
       1.5943676977681731e-01, 6.8721970695450968e-02,
       6.4631168930749672e-01, -7.6216545355834986e-01,
       3.7215879227616711e-02, 9.5059440848773691e-01, 0., 0., 0., 1. ]
T2_2: !!opencv-matrix
   rows: 4
   cols: 4
   dt: d
   data: [ 1.4778658641211262e-01, -9.8706882255544870e-01,
       -6.2082722360213838e-02, 2.2075540652558634e-01,
       -1.4763771589556052e-02, -6.4966771637289700e-02,
       9.9777820663285688e-01, -1.0854564630833892e+00,
       -9.8890907363877845e-01, -1.4654166002208552e-01,
       -2.4174076049870985e-02, 9.8903758362016481e-02, 0., 0., 0., 1. ]
T1_3: !!opencv-matrix
   rows: 4
   cols: 4
   dt: d
   data: [ 9.7525592230855329e-02, 1.3163259007347894e-01,
       9.8648954383235521e-01, 4.7156309153808490e-01,
       -7.5660816599165093e-01, -6.3413779080859700e-01,
       1.5941563732313802e-01, 1.2734941436406083e-01,
       6.4655459322068942e-01, -7.6193314896973696e-01,
       3.7749628955651149e-02, 9.5069041760200435e-01, 0., 0., 0., 1. ]
T2_3: !!opencv-matrix
   rows: 4
   cols: 4
   dt: d
   data: [ 1.4570824335816102e-01, -9.8471554235972847e-01,
       -9.5417023914316224e-02, 2.7862346152898310e-01,
       4.3435564744528921e-03, -9.5808670820678010e-02,
       9.9539029134944268e-01, -1.0845710502261103e+00,
       -9.8931806884066997e-01, -1.4545102004029153e-01,
       -9.6829455542504217e-03, 1.0842415987412618e-01, 0., 0., 0., 1. ]
T1_4: !!opencv-matrix
   rows: 4
   cols: 4
   dt: d
   data: [ 9.7269341644360741e-02, 1.3199083303328318e-01,
       9.8646697621930191e-01, 4.7191496620004586e-01,
       -7.5650231475751495e-01, -6.3425339799547387e-01,
       1.5945806626733150e-01, 2.0887388580466423e-01,
       6.4671703467791408e-01, -7.6177493206745450e-01,
       3.8157960257732992e-02, 9.5061347384701889e-01, 0., 0., 0., 1. ]
T2_4: !!opencv-matrix
   rows: 4
   cols: 4
   dt: d
   data: [ 1.5185730029150002e-01, -9.8519824574374271e-01,
       -7.9522178866206938e-02, 3.5809783341645979e-01,
       -3.6209340901574183e-02, -8.5946395793631725e-02,
       9.9564155230763540e-01, -1.0750885827130756e+00,
       -9.8773895538226630e-01, -1.4831599250767336e-01,
       -4.8724966770773648e-02, 1.2149546924890481e-01, 0., 0., 0., 1. ]
T1_5: !!opencv-matrix
   rows: 4
   cols: 4
   dt: d
   data: [ 6.5885008477793106e-02, 1.0605840188618681e-01,
       9.9217477343824334e-01, 4.7189151204834634e-01,
       -6.3120347675937505e-01, -7.6567951767441045e-01,
       1.2376205856707501e-01, 2.3055537320819425e-01,
       7.7281390812067996e-01, -6.3441823082508519e-01,
       1.6497630496852822e-02, 9.5068097295591247e-01, 0., 0., 0., 1. ]
T2_5: !!opencv-matrix
   rows: 4
   cols: 4
   dt: d
   data: [ 1.1239493866951378e-01, -9.8863728248557781e-01,
       9.9818342207274924e-02, 1.6055699947257002e-01,
       -2.6715014980672136e-02, 9.7412056568818461e-02,
       9.9488552065532465e-01, -1.1240857958804227e+00,
       -9.9330442752262971e-01, -1.1448674558465594e-01,
       -1.5462837688329678e-02, 8.7832994406595033e-02, 0., 0., 0., 1. ]
T1_6: !!opencv-matrix
   rows: 4
   cols: 4
   dt: d
   data: [ 6.5259155486435239e-02, 1.0653196025992395e-01,
       9.9216540156789135e-01, 4.7201373023764670e-01,
       -6.3111160133776545e-01, -7.6575992506502222e-01,
       1.2373311529777548e-01, 3.4541704836124881e-01,
       7.7294203487847546e-01, -6.3424181398547752e-01,
       1.7260710018192738e-02, 9.5068213091475051e-01, 0., 0., 0., 1. ]
T2_6: !!opencv-matrix
   rows: 4
   cols: 4
   dt: d
   data: [ 1.1174447808674726e-01, -9.8763220947540376e-01,
       1.0998086389846368e-01, 2.7405213999027783e-01,
       -9.7372834426398547e-03, 1.0958048620651684e-01,
       9.9393023012377535e-01, -1.1424811295341888e+00,
       -9.9368926578094730e-01, -1.1213712966486750e-01,
       2.6281594788966078e-03, 1.0169687466765037e-01, 0., 0., 0., 1. ]
T1_7: !!opencv-matrix
   rows: 4
   cols: 4
   dt: d
   data: [ 6.4545272910196516e-02, 1.0702803192042304e-01,
       9.9215871115874865e-01, 4.7199287027818981e-01,
       -6.3110712958915038e-01, -7.6577476957957735e-01,
       1.2366403380566465e-01, 4.4935404528690842e-01,
       7.7300562658152216e-01, -6.3414036510743133e-01,
       1.8119012520617317e-02, 9.5068114729011455e-01, 0., 0., 0., 1. ]
T2_7: !!opencv-matrix
   rows: 4
   cols: 4
   dt: d
   data: [ 1.1361711489201731e-01, -9.8771970571168000e-01,
       1.0724240836742738e-01, 3.7626549785668362e-01,
       -2.0768386661819960e-02, 1.0555663811222848e-01,
       9.9419639421288841e-01, -1.1528251232698286e+00,
       -9.9330751800189210e-01, -1.1518497775003445e-01,
       -8.5203040817067865e-03, 1.1503313517552693e-01, 0., 0., 0., 1. ]
T1_8: !!opencv-matrix
   rows: 4
   cols: 4
   dt: d
   data: [ 7.3797765216834454e-02, 1.1794559192770965e-01,
       9.9027406670770846e-01, 4.7171939234657562e-01,
       -5.1068150797540590e-01, -8.4844138932960167e-01,
       1.3911005098274162e-01, 4.0480212304670354e-01,
       8.5659692228081596e-01, -5.1598066457695646e-01,
       -2.3804457052962746e-03, 9.5068899154806563e-01, 0., 0., 0., 1. ]
T2_8: !!opencv-matrix
   rows: 4
   cols: 4
   dt: d
   data: [ 1.2835797843352292e-01, -9.6079721696526832e-01,
       2.4574974515603126e-01, 1.4461771833510972e-01,
       -1.7454417132144351e-02, 2.4557254272454987e-01,
       9.6922106331960012e-01, -1.1799835664796334e+00,
       -9.9157429005346653e-01, -1.2869667490496478e-01,
       1.4751039738587934e-02, 9.2534216232669664e-02, 0., 0., 0., 1. ]
T1_9: !!opencv-matrix
   rows: 4
   cols: 4
   dt: d
   data: [ 7.5752474166264738e-02, 1.1703430013695948e-01,
       9.9023458596897207e-01, 4.3607162172739866e-01,
       -6.9968776178325454e-01, -7.0130508095182997e-01,
       1.3641194757750197e-01, 1.2161900179362108e-01,
       7.1042142328932423e-01, -7.0318856363183235e-01,
       2.8761872487224949e-02, 9.5074175739032252e-01, 0., 0., 0., 1. ]
